0 0
1 9
2 6
3 5
4 6
5 9
6 9
7 6
8 7
9 8
10 7
11 10
12 11
13 11
14 9
15 12
16 13
17 11
18 9
19 11
20 12
21 7
22 6
23 13
24 10
25 11
26 13
27 12
28 12
29 8
30 9
31 8
32 3
33 4
34 9
35 8
36 9
37 9
38 10
39 10
40 10
41 9
42 12
43 7
44 8
45 13
46 12
47 12
48 13
49 13
50 12
51 10
52 11
53 14
54 7
55 8
56 13
57 12
58 13
59 13
60 12
61 11
62 10
63 11
64 12
65 7
66 8
67 13
68 12
69 13
70 13
71 12
72 11
73 13
74 12
75 13
76 8
77 7
78 11
79 12
80 10
81 11
82 12
83 11
84 13
85 12
86 13
87 8
88 7
89 13
90 12
91 9
92 12
93 14
94 13
95 12
96 13
97 15
98 10
99 9
100 10
101 7
102 4
103 9
104 8
105 9
106 9
107 8
108 11
109 4
110 9
111 8
112 3
113 8
114 7
115 8
116 8
117 7
118 10
119 3
120 9
121 1
122 8
123 5
124 6
125 7
126 9
127 8
128 5
129 8
130 12
131 8
132 9
133 12
134 12
135 10
136 12
137 12
138 12
139 8
140 9
141 13
142 6
143 7
144 12
145 11
146 12
147 12
148 13
149 11
150 11
151 10
152 9
153 4
154 5
155 10
156 9
157 10
158 10
159 11
160 12
161 11
162 10
163 11
164 6
165 7
166 12
167 11
168 12
169 12
170 13
171 13
172 11
173 12
174 13
175 8
176 9
177 14
178 13
179 13
180 13
181 13
182 12
183 11
184 12
185 13
186 8
187 8
188 12
189 12
190 11
191 12
192 11
193 10
194 12
195 11
196 12
197 7
198 6
199 10
200 12
201 9
202 10
203 11
204 10
205 12
206 11
207 12
208 7
209 6
210 9
211 12
212 8
213 12
214 13
215 12
216 12
217 12
218 14
219 9
220 9
221 11
222 9
223 11
224 13
225 11
226 11
227 11
228 13
229 9
230 2
231 8
232 7
233 4
234 7
235 8
236 8
237 7
238 6
239 9
240 8
241 10
242 2
243 9
244 6
245 7
246 8
247 8
248 9
249 4
250 7
251 12
252 9
253 8
254 13
255 12
256 11
257 13
258 13
259 12
260 10
261 10
262 12
263 5
264 6
265 11
266 10
267 11
268 11
269 12
270 11
271 12
272 11
273 10
274 5
275 6
276 11
277 10
278 11
279 11
280 12
281 13
282 12
283 11
284 12
285 7
286 8
287 13
288 12
289 12
290 12
291 12
292 13
293 12
294 13
295 14
296 9
297 9
298 13
299 13
300 11
301 12
302 12
303 11
304 12
305 12
306 13
307 8
308 7
309 11
310 9
311 10
312 11
313 10
314 9
315 11
316 10
317 11
318 6
319 5
320 7
321 13
322 8
323 11
324 12
325 11
326 13
327 12
328 13
329 8
330 8
331 13
332 7
333 12
334 11
335 12
336 12
337 11
338 13
339 7
340 10
341 8
342 10
343 10
344 10
345 13
346 12
347 10
348 10
349 12
350 10
351 1
352 7
353 6
354 5
355 8
356 9
357 7
358 6
359 7
360 4
361 7
362 10
363 3
364 10
365 7
366 8
367 9
368 9
369 9
370 11
371 8
372 11
373 8
374 9
375 14
376 13
377 12
378 13
379 14
380 12
381 11
382 11
383 13
384 6
385 7
386 12
387 11
388 12
389 12
390 11
391 12
392 13
393 12
394 11
395 6
396 7
397 12
398 11
399 12
400 11
401 12
402 13
403 13
404 12
405 13
406 8
407 8
408 12
409 12
410 12
411 11
412 11
413 12
414 13
415 12
416 14
417 9
418 8
419 14
420 12
421 10
422 11
423 13
424 12
425 11
426 13
427 14
428 9
429 8
430 4
431 8
432 10
433 10
434 9
435 8
436 10
437 9
438 10
439 5
440 3
441 9
442 9
443 9
444 8
445 7
446 10
447 10
448 9
449 6
450 6
451 9
452 12
453 8
454 11
455 10
456 13
457 11
458 10
459 12
460 13
461 10
462 7
463 9
464 11
465 11
466 14
467 12
468 9
469 11
470 8
471 9
472 2
473 8
474 7
475 6
476 9
477 10
478 8
479 5
480 8
481 5
482 6
483 9
484 4
485 11
486 8
487 9
488 10
489 9
490 13
491 10
492 9
493 12
494 9
495 10
496 15
497 14
498 13
499 12
500 12
501 13
502 12
503 12
504 14
505 7
506 8
507 13
508 12
509 11
510 13
511 12
512 13
513 14
514 13
515 12
516 7
517 8
518 13
519 12
520 11
521 10
522 11
523 12
524 14
525 13
526 14
527 9
528 9
529 13
530 13
531 11
532 10
533 12
534 13
535 14
536 11
537 15
538 10
539 9
540 9
541 12
542 11
543 10
544 12
545 13
546 10
547 14
548 15
549 8
550 10
551 13
552 12
553 9
554 11
555 12
556 9
557 14
558 14
559 7
560 7
561 4
562 10
563 10
564 10
565 9
566 8
567 11
568 11
569 10
570 11
571 5
572 8
573 11
574 9
575 10
576 9
577 12
578 10
579 11
580 12
581 14
582 11
583 8
584 10
585 12
586 10
587 15
588 13
589 8
590 4
591 7
592 8
593 3
594 9
595 8
596 7
597 10
598 10
599 9
600 8
601 7
602 6
603 7
604 10
605 5
606 12
607 9
608 8
609 9
610 11
611 12
612 11
613 10
614 13
615 10
616 11
617 16
618 13
619 12
620 10
621 11
622 12
623 11
624 13
625 15
626 8
627 9
628 14
629 11
630 13
631 12
632 13
633 14
634 15
635 14
636 13
637 8
638 9
639 14
640 13
641 10
642 9
643 12
644 13
645 13
646 14
647 13
648 10
649 9
650 8
651 13
652 12
653 9
654 13
655 12
656 13
657 10
658 15
659 10
660 7
661 13
662 11
663 10
664 13
665 11
666 12
667 9
668 14
669 9
670 6
671 9
672 12
673 12
674 10
675 12
676 11
677 8
678 13
679 13
680 11
681 8
682 5
683 11
684 11
685 11
686 10
687 9
688 12
689 12
690 12
691 12
692 6
693 9
694 12
695 10
696 11
697 10
698 13
699 9
700 9
701 12
702 13
703 10
704 9
705 11
706 13
707 11
708 15
709 14
710 8
711 5
712 6
713 9
714 4
715 10
716 9
717 8
718 10
719 9
720 8
721 9
722 8
723 7
724 8
725 11
726 6
727 11
728 8
729 7
730 11
731 12
732 13
733 12
734 11
735 14
736 11
737 12
738 15
739 12
740 10
741 9
742 10
743 11
744 12
745 14
746 14
747 9
748 8
749 13
750 13
751 12
752 11
753 13
754 14
755 15
756 13
757 14
758 7
759 10
760 8
761 12
762 11
763 8
764 13
765 14
766 12
767 13
768 12
769 11
770 7
771 13
772 12
773 7
774 13
775 13
776 11
777 12
778 11
779 10
780 8
781 8
782 14
783 10
784 11
785 12
786 12
787 11
788 8
789 13
790 13
791 7
792 9
793 11
794 12
795 11
796 13
797 12
798 7
799 12
800 13
801 12
802 8
803 6
804 12
805 12
806 12
807 11
808 10
809 11
810 8
811 11
812 12
813 7
814 10
815 13
816 11
817 12
818 11
819 13
820 13
821 10
822 11
823 14
824 11
825 10
826 12
827 14
828 12
829 14
830 8
831 7
832 6
833 7
834 10
835 5
836 11
837 10
838 9
839 9
840 6
841 7
842 8
843 7
844 8
845 9
846 12
847 5
848 10
849 7
850 11
851 10
852 11
853 12
854 13
855 12
856 14
857 10
858 11
859 14
860 12
861 9
862 8
863 11
864 12
865 13
866 13
867 13
868 10
869 7
870 9
871 12
872 13
873 10
874 12
875 13
876 14
877 12
878 13
879 6
880 8
881 11
882 12
883 11
884 11
885 12
886 13
887 11
888 12
889 5
890 9
891 6
892 13
893 13
894 8
895 13
896 14
897 10
898 11
899 10
900 14
901 7
902 9
903 14
904 9
905 12
906 13
907 11
908 10
909 9
910 11
911 12
912 8
913 10
914 12
915 13
916 12
917 12
918 13
919 6
920 10
921 13
922 13
923 9
924 7
925 13
926 13
927 13
928 12
929 11
930 12
931 9
932 10
933 13
934 8
935 11
936 14
937 12
938 13
939 12
940 13
941 12
942 11
943 12
944 15
945 12
946 11
947 13
948 13
949 13
950 8
951 9
952 8
953 7
954 8
955 11
956 6
957 12
958 9
959 8
960 6
961 5
962 6
963 7
964 8
965 9
966 10
967 12
968 4
969 9
970 13
971 10
972 9
973 12
974 13
975 13
976 13
977 13
978 9
979 10
980 6
981 11
982 10
983 7
984 12
985 12
986 13
987 12
988 12
989 9
990 5
991 12
992 11
993 8
994 13
995 11
996 12
997 11
998 11
999 8
1000 4
1001 7
1002 10
1003 11
1004 12
1005 10
1006 11
1007 12
1008 10
1009 11
1010 11
1011 8
1012 5
1013 12
1014 13
1015 9
1016 12
1017 13
1018 9
1019 12
1020 10
1021 13
1022 6
1023 9
1024 14
1025 10
1026 13
1027 12
1028 12
1029 9
1030 7
1031 10
1032 11
1033 8
1034 11
1035 13
1036 14
1037 13
1038 13
1039 12
1040 12
1041 11
1042 12
1043 13
1044 10
1045 8
1046 14
1047 14
1048 14
1049 13
1050 12
1051 11
1052 10
1053 11
1054 14
1055 9
1056 10
1057 15
1058 13
1059 13
1060 13
1061 14
1062 13
1063 12
1064 13
1065 16
1066 13
1067 12
1068 14
1069 12
1070 7
1071 8
1072 9
1073 8
1074 8
1075 9
1076 12
1077 7
1078 11
1079 8
1080 8
1081 5
1082 4
1083 7
1084 8
1085 9
1086 9
1087 10
1088 11
1089 3
1090 9
1091 12
1092 11
1093 8
1094 13
1095 14
1096 12
1097 12
1098 12
1099 8
1100 10
1101 13
1102 12
1103 7
1104 12
1105 15
1106 11
1107 11
1108 11
1109 7
1110 7
1111 4
1112 11
1113 10
1114 9
1115 12
1116 10
1117 11
1118 10
1119 10
1120 10
1121 3
1122 6
1123 9
1124 10
1125 11
1126 9
1127 10
1128 11
1129 9
1130 11
1131 12
1132 9
1133 6
1134 13
1135 14
1136 10
1137 12
1138 12
1139 8
1140 8
1141 11
1142 12
1143 7
1144 10
1145 15
1146 11
1147 14
1148 13
1149 13
1150 11
1151 8
1152 9
1153 12
1154 9
1155 10
1156 14
1157 14
1158 14
1159 12
1160 14
1161 13
1162 12
1163 13
1164 14
1165 10
1166 9
1167 13
1168 14
1169 15
1170 12
1171 13
1172 12
1173 11
1174 12
1175 15
1176 10
1177 9
1178 15
1179 12
1180 11
1181 12
1182 13
1183 12
1184 13
1185 14
1186 17
1187 12
1188 11
1189 14
1190 7
1191 6
1192 7
1193 8
1194 9
1195 9
1196 10
1197 13
1198 6
1199 10
1200 2
1201 7
1202 6
1203 3
1204 8
1205 9
1206 10
1207 8
1208 9
1209 10
1210 1
1211 8
1212 7
1213 4
1214 7
1215 10
1216 10
1217 7
1218 8
1219 9
1220 6
1221 9
1222 12
1223 12
1224 8
1225 11
1226 14
1227 12
1228 10
1229 10
1230 11
1231 8
1232 5
1233 12
1234 9
1235 10
1236 13
1237 11
1238 11
1239 9
1240 8
1241 9
1242 2
1243 5
1244 8
1245 9
1246 10
1247 8
1248 9
1249 10
1250 9
1251 10
1252 11
1253 8
1254 7
1255 14
1256 13
1257 11
1258 13
1259 13
1260 13
1261 9
1262 10
1263 13
1264 8
1265 9
1266 14
1267 12
1268 14
1269 14
1270 11
1271 10
1272 9
1273 10
1274 13
1275 8
1276 9
1277 14
1278 13
1279 14
1280 14
1281 13
1282 12
1283 13
1284 13
1285 14
1286 9
1287 8
1288 12
1289 13
1290 11
1291 12
1292 13
1293 12
1294 12
1295 13
1296 14
1297 9
1298 8
1299 14
1300 13
1301 10
1302 11
1303 14
1304 13
1305 13
1306 14
1307 16
1308 11
1309 10
1310 9
1311 6
1312 5
1313 8
1314 9
1315 10
1316 10
1317 9
1318 12
1319 5
