4 5 6
0 3
1 8
2 5
3 4
4 5
5 8
6 9
7 7
8 10
9 9
10 8
11 7
12 10
13 9
14 10
15 13
16 14
17 13
18 10
19 12
20 11
21 6
22 5
23 12
24 11
25 12
26 13
27 13
28 13
29 10
30 8
31 10
32 6
33 1
34 8
35 7
36 8
37 9
38 11
39 12
40 9
41 10
42 13
43 8
44 5
45 12
46 11
47 12
48 13
49 12
50 12
51 9
52 10
53 13
54 10
55 5
56 12
57 11
58 12
59 13
60 13
61 12
62 11
63 12
64 14
65 10
66 5
67 12
68 11
69 12
70 12
71 11
72 10
73 13
74 13
75 14
76 9
77 7
78 10
79 11
80 9
81 10
82 11
83 10
84 13
85 13
86 14
87 9
88 7
89 12
90 12
91 9
92 12
93 13
94 12
95 13
96 14
97 15
98 11
99 9
100 9
101 6
102 3
103 8
104 7
105 8
106 9
107 9
108 12
109 5
110 8
111 7
112 2
113 7
114 6
115 7
116 8
117 8
118 11
119 4
120 8
121 2
122 7
123 4
124 5
125 6
126 9
127 10
128 6
129 9
130 11
131 9
132 6
133 11
134 10
135 11
136 14
137 13
138 14
139 9
140 11
141 12
142 7
143 4
144 11
145 10
146 11
147 12
148 13
149 12
150 12
151 9
152 11
153 7
154 2
155 9
156 8
157 9
158 10
159 12
160 11
161 10
162 11
163 13
164 9
165 4
166 11
167 10
168 11
169 12
170 12
171 13
172 10
173 11
174 14
175 11
176 6
177 13
178 12
179 13
180 13
181 12
182 11
183 12
184 13
185 15
186 10
187 6
188 11
189 12
190 10
191 11
192 10
193 9
194 12
195 12
196 13
197 8
198 6
199 9
200 11
201 8
202 9
203 10
204 9
205 12
206 12
207 13
208 8
209 6
210 8
211 11
212 8
213 11
214 12
215 11
216 14
217 13
218 14
219 10
220 9
221 10
222 7
223 12
224 11
225 12
226 13
227 12
228 14
229 9
230 3
231 7
232 6
233 3
234 6
235 7
236 8
237 9
238 7
239 10
240 8
241 9
242 1
243 8
244 5
245 6
246 7
247 9
248 11
249 5
250 8
251 11
252 10
253 5
254 12
255 11
256 12
257 13
258 14
259 13
260 11
261 10
262 13
263 8
264 3
265 10
266 9
267 10
268 11
269 12
270 12
271 11
272 10
273 12
274 8
275 3
276 10
277 9
278 10
279 11
280 11
281 12
282 11
283 12
284 14
285 10
286 5
287 12
288 11
289 12
290 12
291 11
292 12
293 11
294 12
295 15
296 11
297 7
298 12
299 13
300 11
301 12
302 11
303 10
304 13
305 13
306 14
307 9
308 7
309 10
310 8
311 9
312 10
313 9
314 8
315 11
316 11
317 12
318 7
319 5
320 7
321 12
322 7
323 10
324 11
325 10
326 13
327 13
328 13
329 9
330 7
331 12
332 6
333 11
334 10
335 11
336 14
337 13
338 12
339 9
340 8
341 9
342 9
343 8
344 11
345 12
346 13
347 12
348 11
349 13
350 9
351 4
352 6
353 5
354 4
355 7
356 8
357 8
358 9
359 8
360 6
361 9
362 9
363 0
364 9
365 6
366 7
367 8
368 10
369 11
370 12
371 9
372 10
373 9
374 6
375 13
376 12
377 13
378 14
379 13
380 11
381 10
382 11
383 14
384 9
385 4
386 11
387 10
388 11
389 12
390 12
391 13
392 12
393 11
394 13
395 9
396 4
397 11
398 10
399 11
400 11
401 12
402 13
403 12
404 13
405 14
406 10
407 6
408 11
409 12
410 12
411 11
412 10
413 11
414 12
415 13
416 15
417 10
418 8
419 13
420 11
421 10
422 11
423 12
424 11
425 12
426 13
427 15
428 10
429 8
430 4
431 7
432 10
433 9
434 8
435 7
436 10
437 10
438 11
439 6
440 5
441 8
442 10
443 8
444 7
445 6
446 9
447 10
448 10
449 7
450 8
451 8
452 13
453 7
454 10
455 9
456 12
457 13
458 12
459 11
460 14
461 9
462 9
463 8
464 9
465 10
466 13
467 14
468 11
469 12
470 9
471 9
472 5
473 7
474 6
475 5
476 8
477 9
478 9
479 8
480 10
481 7
482 8
483 10
484 1
485 10
486 7
487 8
488 9
489 11
490 12
491 11
492 10
493 11
494 10
495 7
496 14
497 13
498 14
499 13
500 13
501 12
502 11
503 12
504 15
505 10
506 5
507 12
508 11
509 12
510 10
511 11
512 12
513 11
514 12
515 14
516 10
517 5
518 12
519 11
520 13
521 12
522 13
523 14
524 13
525 12
526 13
527 10
528 7
529 12
530 12
531 13
532 12
533 11
534 12
535 11
536 12
537 15
538 11
539 9
540 9
541 12
542 11
543 10
544 11
545 12
546 11
547 12
548 15
549 10
550 10
551 13
552 12
553 11
554 10
555 11
556 10
557 11
558 14
559 9
560 8
561 6
562 9
563 11
564 9
565 8
566 7
567 10
568 11
569 11
570 10
571 7
572 9
573 12
574 8
575 9
576 8
577 11
578 12
579 12
580 13
581 14
582 10
583 10
584 9
585 10
586 11
587 12
588 15
589 10
590 7
591 10
592 10
593 6
594 8
595 7
596 6
597 9
598 10
599 10
600 10
601 9
602 8
603 9
604 11
605 2
606 11
607 8
608 9
609 10
610 12
611 13
612 12
613 11
614 12
615 11
616 8
617 15
618 14
619 13
620 13
621 14
622 13
623 12
624 13
625 14
626 9
627 6
628 13
629 12
630 10
631 9
632 10
633 11
634 12
635 13
636 14
637 11
638 6
639 13
640 13
641 12
642 11
643 14
644 15
645 14
646 11
647 12
648 9
649 8
650 10
651 13
652 14
653 11
654 12
655 11
656 10
657 11
658 14
659 12
660 9
661 12
662 13
663 11
664 13
665 10
666 9
667 10
668 13
669 12
670 8
671 10
672 13
673 11
674 12
675 11
676 10
677 9
678 10
679 13
680 12
681 9
682 7
683 10
684 12
685 10
686 9
687 8
688 9
689 12
690 13
691 11
692 8
693 10
694 13
695 9
696 10
697 9
698 12
699 11
700 11
701 14
702 15
703 11
704 11
705 10
706 11
707 12
708 13
709 16
710 10
711 8
712 9
713 11
714 7
715 9
716 8
717 7
718 10
719 11
720 9
721 10
722 9
723 9
724 10
725 12
726 3
727 12
728 9
729 8
730 12
731 13
732 14
733 13
734 12
735 13
736 12
737 9
738 16
739 13
740 13
741 12
742 13
743 14
744 13
745 14
746 13
747 8
748 7
749 14
750 12
751 9
752 8
753 11
754 12
755 13
756 12
757 13
758 10
759 7
760 9
761 14
762 13
763 10
764 13
765 15
766 13
767 10
768 11
769 8
770 10
771 13
772 12
773 9
774 12
775 14
776 12
777 9
778 10
779 7
780 11
781 8
782 13
783 12
784 12
785 14
786 11
787 8
788 11
789 12
790 12
791 7
792 10
793 13
794 12
795 13
796 12
797 9
798 10
799 11
800 13
801 13
802 10
803 8
804 11
805 13
806 11
807 10
808 9
809 8
810 10
811 13
812 12
813 9
814 11
815 14
816 10
817 11
818 10
819 13
820 15
821 12
822 13
823 16
824 12
825 12
826 11
827 12
828 13
829 14
830 10
831 9
832 9
833 10
834 12
835 8
836 10
837 9
838 8
839 9
840 7
841 8
842 9
843 8
844 10
845 11
846 13
847 4
848 11
849 8
850 12
851 11
852 12
853 13
854 14
855 13
856 14
857 11
858 10
859 15
860 13
861 12
862 11
863 14
864 14
865 14
866 15
867 12
868 7
869 8
870 6
871 11
872 10
873 7
874 12
875 13
876 14
877 11
878 12
879 9
880 5
881 10
882 11
883 8
884 12
885 14
886 14
887 10
888 11
889 8
890 6
891 9
892 12
893 11
894 10
895 13
896 15
897 11
898 8
899 11
900 13
901 10
902 7
903 12
904 11
905 13
906 15
907 12
908 7
909 12
910 12
911 11
912 6
913 9
914 13
915 13
916 14
917 11
918 10
919 9
920 9
921 12
922 13
923 10
924 9
925 12
926 14
927 12
928 11
929 10
930 14
931 11
932 12
933 13
934 10
935 11
936 15
937 11
938 12
939 11
940 15
941 14
942 13
943 14
944 17
945 13
946 13
947 12
948 13
949 14
950 8
951 9
952 8
953 9
954 11
955 13
956 9
957 11
958 8
959 7
960 7
961 6
962 7
963 8
964 9
965 11
966 12
967 13
968 5
969 10
970 14
971 11
972 10
973 13
974 14
975 15
976 14
977 15
978 10
979 9
980 9
981 12
982 11
983 10
984 13
985 13
986 15
987 14
988 11
989 6
990 8
991 13
992 10
993 9
994 12
995 12
996 14
997 13
998 10
999 5
1000 7
1001 4
1002 9
1003 10
1004 9
1005 11
1006 14
1007 13
1008 9
1009 10
1010 10
1011 5
1012 8
1013 11
1014 10
1015 11
1016 14
1017 14
1018 10
1019 9
1020 11
1021 12
1022 9
1023 8
1024 13
1025 12
1026 14
1027 14
1028 11
1029 6
1030 8
1031 11
1032 12
1033 7
1034 8
1035 14
1036 14
1037 15
1038 12
1039 11
1040 11
1041 10
1042 11
1043 12
1044 11
1045 10
1046 13
1047 14
1048 13
1049 12
1050 12
1051 13
1052 12
1053 13
1054 14
1055 11
1056 10
1057 15
1058 12
1059 13
1060 13
1061 14
1062 13
1063 14
1064 15
1065 18
1066 14
1067 12
1068 13
1069 12
1070 6
1071 7
1072 8
1073 7
1074 10
1075 12
1076 14
1077 8
1078 10
1079 7
1080 9
1081 6
1082 5
1083 8
1084 9
1085 10
1086 10
1087 13
1088 12
1089 6
1090 8
1091 13
1092 12
1093 9
1094 14
1095 13
1096 14
1097 13
1098 14
1099 9
1100 7
1101 12
1102 11
1103 8
1104 13
1105 12
1106 13
1107 12
1108 13
1109 8
1110 4
1111 7
1112 12
1113 9
1114 10
1115 11
1116 11
1117 13
1118 12
1119 9
1120 11
1121 6
1122 3
1123 8
1124 9
1125 10
1126 10
1127 13
1128 12
1129 8
1130 10
1131 11
1132 6
1133 7
1134 12
1135 11
1136 12
1137 13
1138 14
1139 9
1140 7
1141 10
1142 11
1143 8
1144 7
1145 14
1146 13
1147 14
1148 15
1149 12
1150 12
1151 9
1152 10
1153 13
1154 8
1155 7
1156 14
1157 13
1158 14
1159 13
1160 13
1161 12
1162 11
1163 12
1164 13
1165 11
1166 9
1167 12
1168 13
1169 14
1170 12
1171 13
1172 12
1173 13
1174 14
1175 15
1176 11
1177 9
1178 14
1179 11
1180 11
1181 12
1182 13
1183 12
1184 15
1185 16
1186 17
1187 13
1188 11
1189 14
1190 6
1191 5
1192 6
1193 7
1194 8
1195 11
1196 11
1197 14
1198 7
1199 9
1200 5
1201 8
1202 7
1203 4
1204 7
1205 10
1206 11
1207 9
1208 12
1209 11
1210 4
1211 9
1212 6
1213 3
1214 6
1215 9
1216 10
1217 8
1218 11
1219 10
1220 7
1221 6
1222 11
1223 10
1224 9
1225 12
1226 13
1227 13
1228 11
1229 12
1230 10
1231 5
1232 6
1233 11
1234 10
1235 11
1236 12
1237 12
1238 12
1239 11
1240 7
1241 10
1242 5
1243 2
1244 7
1245 8
1246 9
1247 9
1248 12
1249 11
1250 8
1251 11
1252 12
1253 7
1254 6
1255 13
1256 12
1257 13
1258 14
1259 13
1260 13
1261 8
1262 9
1263 12
1264 9
1265 6
1266 13
1267 12
1268 13
1269 14
1270 12
1271 11
1272 10
1273 11
1274 14
1275 9
1276 6
1277 13
1278 12
1279 13
1280 13
1281 12
1282 11
1283 12
1284 13
1285 14
1286 10
1287 8
1288 11
1289 12
1290 10
1291 11
1292 12
1293 11
1294 14
1295 14
1296 15
1297 10
1298 8
1299 13
1300 13
1301 10
1302 11
1303 14
1304 13
1305 14
1306 15
1307 16
1308 12
1309 10
1310 8
1311 5
1312 4
1313 7
1314 8
1315 9
1316 10
1317 10
1318 13
1319 6
