7 8 9
0 6
1 11
2 8
3 7
4 8
5 11
6 12
7 10
8 13
9 12
10 11
11 10
12 13
13 12
14 13
15 16
16 17
17 16
18 13
19 15
20 14
21 9
22 8
23 15
24 14
25 15
26 16
27 16
28 16
29 13
30 11
31 12
32 7
33 4
34 11
35 10
36 11
37 12
38 14
39 14
40 12
41 13
42 16
43 11
44 8
45 15
46 14
47 15
48 16
49 15
50 15
51 12
52 13
53 16
54 11
55 8
56 15
57 14
58 15
59 16
60 16
61 15
62 14
63 15
64 16
65 11
66 8
67 15
68 14
69 15
70 15
71 14
72 13
73 16
74 16
75 17
76 12
77 10
78 13
79 14
80 12
81 13
82 14
83 13
84 16
85 16
86 17
87 12
88 10
89 15
90 15
91 12
92 15
93 16
94 15
95 16
96 17
97 18
98 14
99 12
100 12
101 9
102 6
103 11
104 10
105 11
106 12
107 12
108 15
109 8
110 11
111 10
112 5
113 10
114 9
115 10
116 11
117 11
118 14
119 7
120 11
121 5
122 10
123 7
124 8
125 9
126 12
127 13
128 9
129 12
130 14
131 12
132 9
133 14
134 13
135 14
136 17
137 16
138 17
139 12
140 14
141 15
142 10
143 7
144 14
145 13
146 14
147 15
148 16
149 15
150 15
151 12
152 13
153 8
154 5
155 12
156 11
157 12
158 13
159 15
160 14
161 13
162 14
163 15
164 10
165 7
166 14
167 13
168 14
169 15
170 15
171 16
172 13
173 14
174 17
175 12
176 9
177 16
178 15
179 16
180 16
181 15
182 14
183 15
184 16
185 17
186 12
187 9
188 14
189 15
190 13
191 14
192 13
193 12
194 15
195 15
196 16
197 11
198 9
199 12
200 14
201 11
202 12
203 13
204 12
205 15
206 15
207 16
208 11
209 9
210 11
211 14
212 11
213 14
214 15
215 14
216 17
217 16
218 17
219 13
220 12
221 13
222 10
223 15
224 14
225 15
226 16
227 15
228 17
229 12
230 6
231 10
232 9
233 6
234 9
235 10
236 11
237 12
238 10
239 13
240 11
241 12
242 4
243 11
244 8
245 9
246 10
247 12
248 14
249 8
250 11
251 14
252 13
253 8
254 15
255 14
256 15
257 16
258 17
259 16
260 14
261 13
262 16
263 9
264 6
265 13
266 12
267 13
268 14
269 15
270 15
271 14
272 13
273 14
274 9
275 6
276 13
277 12
278 13
279 14
280 14
281 15
282 14
283 15
284 16
285 11
286 8
287 15
288 14
289 15
290 15
291 14
292 15
293 14
294 15
295 18
296 13
297 10
298 15
299 16
300 14
301 15
302 14
303 13
304 16
305 16
306 17
307 12
308 10
309 13
310 11
311 12
312 13
313 12
314 11
315 14
316 14
317 15
318 10
319 8
320 10
321 15
322 10
323 13
324 14
325 13
326 16
327 16
328 16
329 12
330 10
331 15
332 9
333 14
334 13
335 14
336 17
337 16
338 15
339 12
340 11
341 12
342 12
343 11
344 14
345 15
346 16
347 15
348 14
349 16
350 12
351 7
352 9
353 8
354 7
355 10
356 11
357 11
358 12
359 11
360 8
361 11
362 12
363 3
364 12
365 9
366 10
367 11
368 13
369 13
370 15
371 12
372 13
373 12
374 9
375 16
376 15
377 16
378 17
379 16
380 14
381 13
382 14
383 17
384 10
385 7
386 14
387 13
388 14
389 15
390 15
391 16
392 15
393 14
394 15
395 10
396 7
397 14
398 13
399 14
400 14
401 15
402 16
403 15
404 16
405 17
406 12
407 9
408 14
409 15
410 15
411 14
412 13
413 14
414 15
415 16
416 18
417 13
418 11
419 16
420 14
421 13
422 14
423 15
424 14
425 15
426 16
427 18
428 13
429 11
430 7
431 10
432 13
433 12
434 11
435 10
436 13
437 13
438 14
439 9
440 8
441 11
442 13
443 11
444 10
445 9
446 12
447 13
448 13
449 10
450 11
451 11
452 16
453 10
454 13
455 12
456 15
457 16
458 15
459 14
460 17
461 12
462 12
463 11
464 12
465 13
466 16
467 17
468 14
469 15
470 12
471 12
472 8
473 10
474 9
475 8
476 11
477 12
478 12
479 11
480 12
481 9
482 10
483 13
484 2
485 13
486 10
487 11
488 12
489 13
490 15
491 14
492 13
493 14
494 13
495 10
496 17
497 16
498 17
499 16
500 16
501 15
502 14
503 15
504 18
505 11
506 8
507 15
508 14
509 15
510 13
511 14
512 15
513 14
514 15
515 16
516 11
517 8
518 15
519 14
520 16
521 15
522 16
523 17
524 16
525 15
526 16
527 13
528 10
529 15
530 15
531 16
532 15
533 14
534 15
535 14
536 15
537 18
538 14
539 12
540 12
541 15
542 14
543 13
544 14
545 15
546 14
547 15
548 18
549 13
550 13
551 16
552 15
553 14
554 13
555 14
556 13
557 14
558 17
559 12
560 11
561 9
562 12
563 14
564 12
565 11
566 10
567 13
568 14
569 14
570 13
571 10
572 12
573 15
574 11
575 12
576 11
577 14
578 15
579 15
580 16
581 17
582 13
583 13
584 12
585 13
586 14
587 15
588 18
589 13
590 10
591 13
592 13
593 9
594 11
595 10
596 9
597 12
598 13
599 13
600 12
601 11
602 10
603 11
604 14
605 1
606 14
607 11
608 10
609 11
610 15
611 16
612 15
613 14
614 15
615 14
616 11
617 18
618 17
619 16
620 14
621 15
622 16
623 15
624 16
625 17
626 12
627 9
628 16
629 15
630 13
631 12
632 13
633 14
634 15
635 16
636 17
637 12
638 9
639 16
640 16
641 15
642 14
643 17
644 18
645 17
646 14
647 15
648 12
649 11
650 13
651 16
652 17
653 14
654 15
655 14
656 13
657 14
658 17
659 14
660 12
661 15
662 16
663 14
664 16
665 13
666 12
667 13
668 16
669 13
670 11
671 13
672 16
673 14
674 15
675 14
676 13
677 12
678 13
679 16
680 15
681 12
682 10
683 13
684 15
685 13
686 12
687 11
688 12
689 15
690 16
691 14
692 11
693 13
694 16
695 12
696 13
697 12
698 15
699 14
700 14
701 17
702 18
703 14
704 14
705 13
706 14
707 15
708 16
709 19
710 13
711 11
712 12
713 14
714 10
715 12
716 11
717 10
718 13
719 14
720 10
721 11
722 10
723 11
724 12
725 15
726 0
727 13
728 10
729 9
730 15
731 16
732 17
733 16
734 15
735 16
736 15
737 12
738 19
739 16
740 14
741 13
742 14
743 15
744 16
745 17
746 16
747 11
748 10
749 17
750 15
751 12
752 11
753 14
754 15
755 16
756 15
757 16
758 11
759 10
760 12
761 17
762 16
763 13
764 16
765 18
766 16
767 13
768 14
769 11
770 11
771 16
772 15
773 12
774 15
775 17
776 15
777 12
778 13
779 10
780 12
781 11
782 16
783 15
784 15
785 17
786 14
787 11
788 12
789 15
790 15
791 10
792 13
793 16
794 15
795 16
796 15
797 12
798 11
799 14
800 16
801 16
802 12
803 11
804 14
805 16
806 14
807 13
808 12
809 11
810 13
811 16
812 15
813 12
814 14
815 17
816 13
817 14
818 13
819 16
820 18
821 15
822 16
823 19
824 15
825 15
826 14
827 15
828 16
829 17
830 13
831 12
832 12
833 13
834 15
835 11
836 13
837 12
838 11
839 12
840 8
841 9
842 10
843 9
844 12
845 13
846 16
847 1
848 12
849 9
850 15
851 14
852 15
853 16
854 17
855 16
856 17
857 14
858 13
859 18
860 16
861 13
862 12
863 15
864 16
865 17
866 18
867 15
868 10
869 11
870 9
871 14
872 13
873 10
874 15
875 16
876 17
877 14
878 15
879 10
880 8
881 13
882 14
883 11
884 15
885 17
886 17
887 13
888 14
889 9
890 9
891 10
892 15
893 14
894 13
895 16
896 18
897 14
898 11
899 14
900 16
901 11
902 10
903 15
904 14
905 16
906 18
907 15
908 10
909 13
910 15
911 14
912 9
913 12
914 16
915 16
916 17
917 14
918 13
919 10
920 12
921 15
922 16
923 13
924 12
925 15
926 17
927 15
928 14
929 13
930 17
931 14
932 15
933 16
934 13
935 14
936 18
937 14
938 15
939 14
940 18
941 17
942 16
943 17
944 20
945 16
946 16
947 15
948 16
949 17
950 11
951 12
952 11
953 12
954 14
955 16
956 12
957 14
958 11
959 10
960 8
961 7
962 8
963 9
964 10
965 13
966 14
967 16
968 2
969 11
970 17
971 14
972 13
973 16
974 17
975 18
976 17
977 18
978 13
979 12
980 10
981 15
982 14
983 11
984 16
985 16
986 18
987 17
988 14
989 9
990 9
991 14
992 13
993 12
994 15
995 15
996 17
997 16
998 13
999 8
1000 8
1001 7
1002 12
1003 13
1004 12
1005 14
1006 17
1007 16
1008 12
1009 13
1010 13
1011 8
1012 9
1013 14
1014 13
1015 14
1016 17
1017 17
1018 13
1019 12
1020 14
1021 15
1022 10
1023 11
1024 16
1025 15
1026 17
1027 17
1028 14
1029 9
1030 11
1031 14
1032 15
1033 10
1034 11
1035 17
1036 17
1037 18
1038 15
1039 14
1040 14
1041 13
1042 14
1043 15
1044 14
1045 13
1046 16
1047 17
1048 16
1049 15
1050 15
1051 16
1052 15
1053 16
1054 17
1055 14
1056 13
1057 18
1058 15
1059 16
1060 16
1061 17
1062 16
1063 17
1064 18
1065 21
1066 17
1067 15
1068 16
1069 15
1070 9
1071 10
1072 11
1073 10
1074 13
1075 15
1076 17
1077 11
1078 13
1079 10
1080 10
1081 7
1082 6
1083 9
1084 10
1085 11
1086 13
1087 15
1088 15
1089 3
1090 11
1091 16
1092 15
1093 12
1094 17
1095 16
1096 17
1097 16
1098 17
1099 12
1100 10
1101 15
1102 14
1103 11
1104 16
1105 15
1106 16
1107 15
1108 16
1109 11
1110 7
1111 8
1112 13
1113 12
1114 13
1115 14
1116 14
1117 16
1118 15
1119 12
1120 12
1121 7
1122 6
1123 11
1124 12
1125 13
1126 13
1127 16
1128 15
1129 11
1130 13
1131 14
1132 9
1133 10
1134 15
1135 14
1136 15
1137 16
1138 17
1139 12
1140 10
1141 13
1142 14
1143 11
1144 10
1145 17
1146 16
1147 17
1148 18
1149 15
1150 15
1151 12
1152 13
1153 16
1154 11
1155 10
1156 17
1157 16
1158 17
1159 16
1160 16
1161 15
1162 14
1163 15
1164 16
1165 14
1166 12
1167 15
1168 16
1169 17
1170 15
1171 16
1172 15
1173 16
1174 17
1175 18
1176 14
1177 12
1178 17
1179 14
1180 14
1181 15
1182 16
1183 15
1184 18
1185 19
1186 20
1187 16
1188 14
1189 17
1190 9
1191 8
1192 9
1193 10
1194 11
1195 14
1196 14
1197 17
1198 10
1199 12
1200 4
1201 9
1202 8
1203 5
1204 10
1205 11
1206 12
1207 12
1208 15
1209 14
1210 5
1211 10
1212 9
1213 6
1214 9
1215 12
1216 13
1217 11
1218 14
1219 13
1220 10
1221 9
1222 14
1223 13
1224 12
1225 15
1226 16
1227 16
1228 14
1229 15
1230 13
1231 8
1232 9
1233 14
1234 13
1235 14
1236 15
1237 15
1238 15
1239 14
1240 10
1241 11
1242 6
1243 5
1244 10
1245 11
1246 12
1247 12
1248 15
1249 14
1250 11
1251 14
1252 15
1253 10
1254 9
1255 16
1256 15
1257 16
1258 17
1259 16
1260 16
1261 11
1262 12
1263 15
1264 12
1265 9
1266 16
1267 15
1268 16
1269 17
1270 15
1271 14
1272 13
1273 14
1274 17
1275 12
1276 9
1277 16
1278 15
1279 16
1280 16
1281 15
1282 14
1283 15
1284 16
1285 17
1286 13
1287 11
1288 14
1289 15
1290 13
1291 14
1292 15
1293 14
1294 17
1295 17
1296 18
1297 13
1298 11
1299 16
1300 16
1301 13
1302 14
1303 17
1304 16
1305 17
1306 18
1307 19
1308 15
1309 13
1310 11
1311 8
1312 7
1313 10
1314 11
1315 12
1316 13
1317 13
1318 16
1319 9
