12 11 10 9 8 7 1 2 3 4 5 6 
11 10 9 8 7 1 2 3 4 5 6 12 
8 9 10 11 7 1 2 3 4 5 6 12 
9 10 11 7 1 2 3 4 5 6 12 8 
7 11 10 9 1 2 3 4 5 6 12 8 
11 10 9 1 2 3 4 5 6 12 8 7 
1 9 10 11 2 3 4 5 6 12 8 7 
9 10 11 2 3 4 5 6 12 8 7 1 
2 11 10 9 3 4 5 6 12 8 7 1 
1 2 11 10 9 3 4 5 6 12 8 7 
10 11 2 1 9 3 4 5 6 12 8 7 
11 2 1 9 3 4 5 6 12 8 7 10 
9 1 2 11 3 4 5 6 12 8 7 10 
10 9 1 2 11 3 4 5 6 12 8 7 
2 1 9 10 11 3 4 5 6 12 8 7 
7 2 1 9 10 11 3 4 5 6 12 8 
8 7 2 1 9 10 11 3 4 5 6 12 
1 2 7 8 9 10 11 3 4 5 6 12 
12 1 2 7 8 9 10 11 3 4 5 6 
6 12 1 2 7 8 9 10 11 3 4 5 
2 1 12 6 7 8 9 10 11 3 4 5 
5 2 1 12 6 7 8 9 10 11 3 4 
12 1 2 5 6 7 8 9 10 11 3 4 
4 12 1 2 5 6 7 8 9 10 11 3 
2 1 12 4 5 6 7 8 9 10 11 3 
3 2 1 12 4 5 6 7 8 9 10 11 
12 1 2 3 4 5 6 7 8 9 10 11 
1 2 3 4 5 6 7 8 9 10 11 12 
